8.000000000000000000e+00
1.600000000000000000e+01
2.400000000000000000e+01
3.200000000000000000e+01
4.000000000000000000e+01
4.800000000000000000e+01
5.600000000000000000e+01
6.400000000000000000e+01
7.200000000000000000e+01
8.000000000000000000e+01
8.800000000000000000e+01
9.600000000000000000e+01
1.040000000000000000e+02
1.120000000000000000e+02
1.200000000000000000e+02
1.280000000000000000e+02
1.360000000000000000e+02
1.440000000000000000e+02
1.520000000000000000e+02
1.600000000000000000e+02
1.680000000000000000e+02
1.760000000000000000e+02
1.840000000000000000e+02
1.920000000000000000e+02
2.000000000000000000e+02
2.080000000000000000e+02
2.160000000000000000e+02
2.240000000000000000e+02
2.320000000000000000e+02
2.400000000000000000e+02
2.480000000000000000e+02
2.560000000000000000e+02
2.640000000000000000e+02
2.720000000000000000e+02
2.800000000000000000e+02
2.880000000000000000e+02
2.960000000000000000e+02
3.040000000000000000e+02
3.120000000000000000e+02
3.200000000000000000e+02
3.280000000000000000e+02
3.360000000000000000e+02
3.440000000000000000e+02
3.520000000000000000e+02
3.600000000000000000e+02
3.680000000000000000e+02
3.760000000000000000e+02
3.840000000000000000e+02
3.920000000000000000e+02
4.000000000000000000e+02
4.080000000000000000e+02
4.160000000000000000e+02
4.240000000000000000e+02
4.320000000000000000e+02
4.400000000000000000e+02
4.480000000000000000e+02
4.560000000000000000e+02
4.640000000000000000e+02
4.720000000000000000e+02
4.800000000000000000e+02
4.880000000000000000e+02
4.960000000000000000e+02
5.040000000000000000e+02
5.120000000000000000e+02
5.200000000000000000e+02
5.280000000000000000e+02
5.360000000000000000e+02
5.440000000000000000e+02
5.520000000000000000e+02
5.600000000000000000e+02
5.680000000000000000e+02
5.760000000000000000e+02
5.840000000000000000e+02
5.920000000000000000e+02
6.000000000000000000e+02
6.080000000000000000e+02
6.160000000000000000e+02
6.240000000000000000e+02
6.320000000000000000e+02
6.400000000000000000e+02
6.480000000000000000e+02
6.560000000000000000e+02
6.640000000000000000e+02
6.720000000000000000e+02
6.800000000000000000e+02
6.880000000000000000e+02
6.960000000000000000e+02
7.040000000000000000e+02
7.120000000000000000e+02
7.200000000000000000e+02
7.280000000000000000e+02
7.360000000000000000e+02
7.440000000000000000e+02
7.520000000000000000e+02
7.600000000000000000e+02
7.680000000000000000e+02
7.760000000000000000e+02
7.840000000000000000e+02
7.920000000000000000e+02
8.000000000000000000e+02
8.080000000000000000e+02
8.160000000000000000e+02
8.240000000000000000e+02
8.320000000000000000e+02
8.400000000000000000e+02
8.480000000000000000e+02
8.560000000000000000e+02
8.640000000000000000e+02
8.720000000000000000e+02
8.800000000000000000e+02
8.880000000000000000e+02
8.960000000000000000e+02
9.040000000000000000e+02
9.120000000000000000e+02
9.200000000000000000e+02
9.280000000000000000e+02
9.360000000000000000e+02
9.440000000000000000e+02
9.520000000000000000e+02
9.600000000000000000e+02
9.680000000000000000e+02
9.760000000000000000e+02
9.840000000000000000e+02
9.920000000000000000e+02
1.000000000000000000e+03
1.008000000000000000e+03
1.016000000000000000e+03
1.024000000000000000e+03
1.032000000000000000e+03
1.040000000000000000e+03
1.048000000000000000e+03
1.056000000000000000e+03
1.064000000000000000e+03
1.072000000000000000e+03
1.080000000000000000e+03
1.088000000000000000e+03
1.096000000000000000e+03
1.104000000000000000e+03
1.112000000000000000e+03
1.120000000000000000e+03
1.128000000000000000e+03
1.136000000000000000e+03
1.144000000000000000e+03
1.152000000000000000e+03
1.160000000000000000e+03
1.168000000000000000e+03
1.176000000000000000e+03
1.184000000000000000e+03
1.192000000000000000e+03
1.200000000000000000e+03
1.208000000000000000e+03
1.216000000000000000e+03
1.224000000000000000e+03
1.232000000000000000e+03
1.240000000000000000e+03
1.248000000000000000e+03
1.256000000000000000e+03
1.264000000000000000e+03
1.272000000000000000e+03
1.280000000000000000e+03
1.288000000000000000e+03
1.296000000000000000e+03
1.304000000000000000e+03
1.312000000000000000e+03
1.320000000000000000e+03
1.328000000000000000e+03
1.336000000000000000e+03
1.344000000000000000e+03
1.352000000000000000e+03
1.360000000000000000e+03
1.368000000000000000e+03
1.376000000000000000e+03
1.384000000000000000e+03
1.392000000000000000e+03
1.400000000000000000e+03
1.408000000000000000e+03
1.416000000000000000e+03
1.424000000000000000e+03
1.432000000000000000e+03
1.440000000000000000e+03
1.448000000000000000e+03
1.456000000000000000e+03
1.464000000000000000e+03
1.472000000000000000e+03
1.480000000000000000e+03
1.488000000000000000e+03
1.496000000000000000e+03
1.504000000000000000e+03
1.512000000000000000e+03
1.520000000000000000e+03
1.528000000000000000e+03
1.536000000000000000e+03
1.544000000000000000e+03
1.552000000000000000e+03
1.560000000000000000e+03
1.568000000000000000e+03
1.576000000000000000e+03
1.584000000000000000e+03
1.592000000000000000e+03
1.600000000000000000e+03
1.608000000000000000e+03
1.616000000000000000e+03
1.624000000000000000e+03
1.632000000000000000e+03
1.640000000000000000e+03
1.648000000000000000e+03
1.656000000000000000e+03
1.664000000000000000e+03
1.672000000000000000e+03
1.680000000000000000e+03
1.688000000000000000e+03
1.696000000000000000e+03
1.704000000000000000e+03
1.712000000000000000e+03
1.720000000000000000e+03
1.728000000000000000e+03
1.736000000000000000e+03
1.744000000000000000e+03
1.752000000000000000e+03
1.760000000000000000e+03
1.768000000000000000e+03
1.776000000000000000e+03
1.784000000000000000e+03
1.792000000000000000e+03
1.800000000000000000e+03
1.808000000000000000e+03
1.816000000000000000e+03
1.824000000000000000e+03
1.832000000000000000e+03
1.840000000000000000e+03
1.848000000000000000e+03
1.856000000000000000e+03
1.864000000000000000e+03
1.872000000000000000e+03
1.880000000000000000e+03
1.888000000000000000e+03
1.896000000000000000e+03
1.904000000000000000e+03
1.912000000000000000e+03
1.920000000000000000e+03
1.928000000000000000e+03
1.936000000000000000e+03
1.944000000000000000e+03
1.952000000000000000e+03
1.960000000000000000e+03
1.968000000000000000e+03
1.976000000000000000e+03
1.984000000000000000e+03
1.992000000000000000e+03
2.000000000000000000e+03
2.008000000000000000e+03
2.016000000000000000e+03
2.024000000000000000e+03
2.032000000000000000e+03
2.040000000000000000e+03
2.048000000000000000e+03
2.056000000000000000e+03
2.064000000000000000e+03
2.072000000000000000e+03
2.080000000000000000e+03
2.088000000000000000e+03
2.096000000000000000e+03
2.104000000000000000e+03
2.112000000000000000e+03
2.120000000000000000e+03
2.128000000000000000e+03
2.136000000000000000e+03
2.144000000000000000e+03
2.152000000000000000e+03
2.160000000000000000e+03
2.168000000000000000e+03
2.176000000000000000e+03
2.184000000000000000e+03
2.192000000000000000e+03
2.200000000000000000e+03
2.208000000000000000e+03
2.216000000000000000e+03
2.224000000000000000e+03
2.232000000000000000e+03
2.240000000000000000e+03
2.248000000000000000e+03
2.256000000000000000e+03
2.264000000000000000e+03
2.272000000000000000e+03
2.280000000000000000e+03
2.288000000000000000e+03
2.296000000000000000e+03
2.304000000000000000e+03
2.312000000000000000e+03
2.320000000000000000e+03
2.328000000000000000e+03
2.336000000000000000e+03
2.344000000000000000e+03
2.352000000000000000e+03
2.360000000000000000e+03
2.368000000000000000e+03
2.376000000000000000e+03
2.384000000000000000e+03
2.392000000000000000e+03
2.400000000000000000e+03
2.408000000000000000e+03
2.416000000000000000e+03
2.424000000000000000e+03
2.432000000000000000e+03
2.440000000000000000e+03
2.448000000000000000e+03
2.456000000000000000e+03
2.464000000000000000e+03
2.472000000000000000e+03
2.480000000000000000e+03
2.488000000000000000e+03
2.496000000000000000e+03
2.504000000000000000e+03
2.512000000000000000e+03
2.520000000000000000e+03
2.528000000000000000e+03
2.536000000000000000e+03
2.544000000000000000e+03
2.552000000000000000e+03
2.560000000000000000e+03
2.568000000000000000e+03
2.576000000000000000e+03
2.584000000000000000e+03
2.592000000000000000e+03
2.600000000000000000e+03
2.608000000000000000e+03
2.616000000000000000e+03
2.624000000000000000e+03
2.632000000000000000e+03
2.640000000000000000e+03
2.648000000000000000e+03
2.656000000000000000e+03
2.664000000000000000e+03
2.672000000000000000e+03
2.680000000000000000e+03
2.688000000000000000e+03
2.696000000000000000e+03
2.704000000000000000e+03
2.712000000000000000e+03
2.720000000000000000e+03
2.728000000000000000e+03
2.736000000000000000e+03
2.744000000000000000e+03
2.752000000000000000e+03
2.760000000000000000e+03
2.768000000000000000e+03
2.776000000000000000e+03
2.784000000000000000e+03
2.792000000000000000e+03
2.800000000000000000e+03
2.808000000000000000e+03
2.816000000000000000e+03
2.824000000000000000e+03
2.832000000000000000e+03
2.840000000000000000e+03
2.848000000000000000e+03
2.856000000000000000e+03
2.864000000000000000e+03
2.872000000000000000e+03
2.880000000000000000e+03
2.888000000000000000e+03
2.896000000000000000e+03
2.904000000000000000e+03
2.912000000000000000e+03
2.920000000000000000e+03
2.928000000000000000e+03
2.936000000000000000e+03
2.944000000000000000e+03
2.952000000000000000e+03
2.960000000000000000e+03
2.968000000000000000e+03
2.976000000000000000e+03
2.984000000000000000e+03
2.992000000000000000e+03
3.000000000000000000e+03
3.008000000000000000e+03
3.016000000000000000e+03
3.024000000000000000e+03
3.032000000000000000e+03
3.040000000000000000e+03
3.048000000000000000e+03
3.056000000000000000e+03
3.064000000000000000e+03
3.072000000000000000e+03
3.080000000000000000e+03
3.088000000000000000e+03
3.096000000000000000e+03
3.104000000000000000e+03
3.112000000000000000e+03
3.120000000000000000e+03
3.128000000000000000e+03
3.136000000000000000e+03
3.144000000000000000e+03
3.152000000000000000e+03
3.160000000000000000e+03
3.168000000000000000e+03
3.176000000000000000e+03
3.184000000000000000e+03
3.192000000000000000e+03
3.200000000000000000e+03
3.208000000000000000e+03
3.216000000000000000e+03
3.224000000000000000e+03
3.232000000000000000e+03
3.240000000000000000e+03
3.248000000000000000e+03
3.256000000000000000e+03
3.264000000000000000e+03
3.272000000000000000e+03
3.280000000000000000e+03
3.288000000000000000e+03
3.296000000000000000e+03
3.304000000000000000e+03
3.312000000000000000e+03
3.320000000000000000e+03
3.328000000000000000e+03
3.336000000000000000e+03
3.344000000000000000e+03
3.352000000000000000e+03
3.360000000000000000e+03
3.368000000000000000e+03
3.376000000000000000e+03
3.384000000000000000e+03
3.392000000000000000e+03
3.400000000000000000e+03
3.408000000000000000e+03
3.416000000000000000e+03
3.424000000000000000e+03
3.432000000000000000e+03
3.440000000000000000e+03
3.448000000000000000e+03
3.456000000000000000e+03
3.464000000000000000e+03
3.472000000000000000e+03
3.480000000000000000e+03
3.488000000000000000e+03
3.496000000000000000e+03
3.504000000000000000e+03
3.512000000000000000e+03
3.520000000000000000e+03
3.528000000000000000e+03
3.536000000000000000e+03
3.544000000000000000e+03
3.552000000000000000e+03
3.560000000000000000e+03
3.568000000000000000e+03
3.576000000000000000e+03
3.584000000000000000e+03
3.592000000000000000e+03
3.600000000000000000e+03
3.608000000000000000e+03
3.616000000000000000e+03
3.624000000000000000e+03
3.632000000000000000e+03
3.640000000000000000e+03
3.648000000000000000e+03
3.656000000000000000e+03
3.664000000000000000e+03
3.672000000000000000e+03
3.680000000000000000e+03
3.688000000000000000e+03
3.696000000000000000e+03
3.704000000000000000e+03
3.712000000000000000e+03
3.720000000000000000e+03
3.728000000000000000e+03
3.736000000000000000e+03
3.744000000000000000e+03
3.752000000000000000e+03
3.760000000000000000e+03
3.768000000000000000e+03
3.776000000000000000e+03
3.784000000000000000e+03
3.792000000000000000e+03
3.800000000000000000e+03
3.808000000000000000e+03
3.816000000000000000e+03
3.824000000000000000e+03
3.832000000000000000e+03
3.840000000000000000e+03
3.848000000000000000e+03
3.856000000000000000e+03
3.864000000000000000e+03
3.872000000000000000e+03
3.880000000000000000e+03
3.888000000000000000e+03
3.896000000000000000e+03
3.904000000000000000e+03
3.912000000000000000e+03
3.920000000000000000e+03
3.928000000000000000e+03
3.936000000000000000e+03
3.944000000000000000e+03
3.952000000000000000e+03
3.960000000000000000e+03
3.968000000000000000e+03
3.976000000000000000e+03
3.984000000000000000e+03
3.992000000000000000e+03
4.000000000000000000e+03
4.008000000000000000e+03
4.016000000000000000e+03
4.024000000000000000e+03
4.032000000000000000e+03
4.040000000000000000e+03
4.048000000000000000e+03
4.056000000000000000e+03
4.064000000000000000e+03
4.072000000000000000e+03
4.080000000000000000e+03
4.088000000000000000e+03
4.096000000000000000e+03
4.104000000000000000e+03
4.112000000000000000e+03
4.120000000000000000e+03
4.128000000000000000e+03
4.136000000000000000e+03
4.144000000000000000e+03
4.152000000000000000e+03
4.160000000000000000e+03
4.168000000000000000e+03
4.176000000000000000e+03
4.184000000000000000e+03
4.192000000000000000e+03
4.200000000000000000e+03
4.208000000000000000e+03
4.216000000000000000e+03
4.224000000000000000e+03
4.232000000000000000e+03
4.240000000000000000e+03
4.248000000000000000e+03
4.256000000000000000e+03
4.264000000000000000e+03
4.272000000000000000e+03
4.280000000000000000e+03
4.288000000000000000e+03
4.296000000000000000e+03
4.304000000000000000e+03
4.312000000000000000e+03
4.320000000000000000e+03
4.328000000000000000e+03
4.336000000000000000e+03
4.344000000000000000e+03
4.352000000000000000e+03
4.360000000000000000e+03
4.368000000000000000e+03
4.376000000000000000e+03
4.384000000000000000e+03
4.392000000000000000e+03
4.400000000000000000e+03
4.408000000000000000e+03
4.416000000000000000e+03
4.424000000000000000e+03
4.432000000000000000e+03
4.440000000000000000e+03
4.448000000000000000e+03
4.456000000000000000e+03
4.464000000000000000e+03
4.472000000000000000e+03
4.480000000000000000e+03
4.488000000000000000e+03
4.496000000000000000e+03
4.504000000000000000e+03
4.512000000000000000e+03
4.520000000000000000e+03
4.528000000000000000e+03
4.536000000000000000e+03
4.544000000000000000e+03
4.552000000000000000e+03
4.560000000000000000e+03
4.568000000000000000e+03
4.576000000000000000e+03
4.584000000000000000e+03
4.592000000000000000e+03
4.600000000000000000e+03
4.608000000000000000e+03
4.616000000000000000e+03
4.624000000000000000e+03
4.632000000000000000e+03
4.640000000000000000e+03
4.648000000000000000e+03
4.656000000000000000e+03
4.664000000000000000e+03
4.672000000000000000e+03
4.680000000000000000e+03
4.688000000000000000e+03
4.696000000000000000e+03
4.704000000000000000e+03
4.712000000000000000e+03
4.720000000000000000e+03
4.728000000000000000e+03
4.736000000000000000e+03
4.744000000000000000e+03
4.752000000000000000e+03
4.760000000000000000e+03
4.768000000000000000e+03
4.776000000000000000e+03
4.784000000000000000e+03
4.792000000000000000e+03
4.800000000000000000e+03
4.808000000000000000e+03
4.816000000000000000e+03
4.824000000000000000e+03
4.832000000000000000e+03
4.840000000000000000e+03
4.848000000000000000e+03
4.856000000000000000e+03
4.864000000000000000e+03
4.872000000000000000e+03
4.880000000000000000e+03
4.888000000000000000e+03
4.896000000000000000e+03
4.904000000000000000e+03
4.912000000000000000e+03
4.920000000000000000e+03
4.928000000000000000e+03
4.936000000000000000e+03
4.944000000000000000e+03
4.952000000000000000e+03
4.960000000000000000e+03
4.968000000000000000e+03
4.976000000000000000e+03
4.984000000000000000e+03
4.992000000000000000e+03
5.000000000000000000e+03
5.008000000000000000e+03
5.016000000000000000e+03
5.024000000000000000e+03
5.032000000000000000e+03
5.040000000000000000e+03
5.048000000000000000e+03
5.056000000000000000e+03
5.064000000000000000e+03
5.072000000000000000e+03
5.080000000000000000e+03
5.088000000000000000e+03
5.096000000000000000e+03
5.104000000000000000e+03
5.112000000000000000e+03
5.120000000000000000e+03
5.128000000000000000e+03
5.136000000000000000e+03
5.144000000000000000e+03
5.152000000000000000e+03
5.160000000000000000e+03
5.168000000000000000e+03
5.176000000000000000e+03
5.184000000000000000e+03
5.192000000000000000e+03
5.200000000000000000e+03
5.208000000000000000e+03
5.216000000000000000e+03
5.224000000000000000e+03
5.232000000000000000e+03
5.240000000000000000e+03
5.248000000000000000e+03
5.256000000000000000e+03
5.264000000000000000e+03
5.272000000000000000e+03
5.280000000000000000e+03
5.288000000000000000e+03
5.296000000000000000e+03
5.304000000000000000e+03
5.312000000000000000e+03
5.320000000000000000e+03
5.328000000000000000e+03
5.336000000000000000e+03
5.344000000000000000e+03
5.352000000000000000e+03
5.360000000000000000e+03
5.368000000000000000e+03
5.376000000000000000e+03
5.384000000000000000e+03
5.392000000000000000e+03
5.400000000000000000e+03
5.408000000000000000e+03
5.416000000000000000e+03
5.424000000000000000e+03
5.432000000000000000e+03
5.440000000000000000e+03
5.448000000000000000e+03
5.456000000000000000e+03
5.464000000000000000e+03
5.472000000000000000e+03
5.480000000000000000e+03
5.488000000000000000e+03
5.496000000000000000e+03
5.504000000000000000e+03
5.512000000000000000e+03
5.520000000000000000e+03
5.528000000000000000e+03
5.536000000000000000e+03
5.544000000000000000e+03
5.552000000000000000e+03
5.560000000000000000e+03
5.568000000000000000e+03
5.576000000000000000e+03
5.584000000000000000e+03
5.592000000000000000e+03
5.600000000000000000e+03
5.608000000000000000e+03
5.616000000000000000e+03
5.624000000000000000e+03
5.632000000000000000e+03
5.640000000000000000e+03
5.648000000000000000e+03
5.656000000000000000e+03
5.664000000000000000e+03
5.672000000000000000e+03
5.680000000000000000e+03
5.688000000000000000e+03
5.696000000000000000e+03
5.704000000000000000e+03
5.712000000000000000e+03
5.720000000000000000e+03
5.728000000000000000e+03
5.736000000000000000e+03
5.744000000000000000e+03
5.752000000000000000e+03
5.760000000000000000e+03
5.768000000000000000e+03
5.776000000000000000e+03
5.784000000000000000e+03
5.792000000000000000e+03
5.800000000000000000e+03
5.808000000000000000e+03
5.816000000000000000e+03
5.824000000000000000e+03
5.832000000000000000e+03
5.840000000000000000e+03
5.848000000000000000e+03
5.856000000000000000e+03
5.864000000000000000e+03
5.872000000000000000e+03
5.880000000000000000e+03
5.888000000000000000e+03
5.896000000000000000e+03
5.904000000000000000e+03
5.912000000000000000e+03
5.920000000000000000e+03
5.928000000000000000e+03
5.936000000000000000e+03
5.944000000000000000e+03
5.952000000000000000e+03
5.960000000000000000e+03
5.968000000000000000e+03
5.976000000000000000e+03
5.984000000000000000e+03
5.992000000000000000e+03
6.000000000000000000e+03
6.008000000000000000e+03
6.016000000000000000e+03
6.024000000000000000e+03
6.032000000000000000e+03
6.040000000000000000e+03
6.048000000000000000e+03
6.056000000000000000e+03
6.064000000000000000e+03
6.072000000000000000e+03
6.080000000000000000e+03
6.088000000000000000e+03
6.096000000000000000e+03
6.104000000000000000e+03
6.112000000000000000e+03
6.120000000000000000e+03
6.128000000000000000e+03
6.136000000000000000e+03
6.144000000000000000e+03
6.152000000000000000e+03
6.160000000000000000e+03
6.168000000000000000e+03
6.176000000000000000e+03
6.184000000000000000e+03
6.192000000000000000e+03
6.200000000000000000e+03
6.208000000000000000e+03
6.216000000000000000e+03
6.224000000000000000e+03
6.232000000000000000e+03
6.240000000000000000e+03
6.248000000000000000e+03
6.256000000000000000e+03
6.264000000000000000e+03
6.272000000000000000e+03
6.280000000000000000e+03
6.288000000000000000e+03
6.296000000000000000e+03
6.304000000000000000e+03
6.312000000000000000e+03
6.320000000000000000e+03
6.328000000000000000e+03
6.336000000000000000e+03
6.344000000000000000e+03
6.352000000000000000e+03
6.360000000000000000e+03
6.368000000000000000e+03
6.376000000000000000e+03
6.384000000000000000e+03
6.392000000000000000e+03
6.400000000000000000e+03
6.408000000000000000e+03
6.416000000000000000e+03
6.424000000000000000e+03
6.432000000000000000e+03
6.440000000000000000e+03
6.448000000000000000e+03
6.456000000000000000e+03
6.464000000000000000e+03
6.472000000000000000e+03
6.480000000000000000e+03
6.488000000000000000e+03
6.496000000000000000e+03
6.504000000000000000e+03
6.512000000000000000e+03
6.520000000000000000e+03
6.528000000000000000e+03
6.536000000000000000e+03
6.544000000000000000e+03
6.552000000000000000e+03
6.560000000000000000e+03
6.568000000000000000e+03
6.576000000000000000e+03
6.584000000000000000e+03
6.592000000000000000e+03
6.600000000000000000e+03
6.608000000000000000e+03
6.616000000000000000e+03
6.624000000000000000e+03
6.632000000000000000e+03
6.640000000000000000e+03
6.648000000000000000e+03
6.656000000000000000e+03
6.664000000000000000e+03
6.672000000000000000e+03
6.680000000000000000e+03
6.688000000000000000e+03
6.696000000000000000e+03
6.704000000000000000e+03
6.712000000000000000e+03
6.720000000000000000e+03
6.728000000000000000e+03
6.736000000000000000e+03
6.744000000000000000e+03
6.752000000000000000e+03
6.760000000000000000e+03
6.768000000000000000e+03
6.776000000000000000e+03
6.784000000000000000e+03
6.792000000000000000e+03
6.800000000000000000e+03
6.808000000000000000e+03
6.816000000000000000e+03
6.824000000000000000e+03
6.832000000000000000e+03
6.840000000000000000e+03
6.848000000000000000e+03
6.856000000000000000e+03
6.864000000000000000e+03
6.872000000000000000e+03
6.880000000000000000e+03
6.888000000000000000e+03
6.896000000000000000e+03
6.904000000000000000e+03
6.912000000000000000e+03
6.920000000000000000e+03
6.928000000000000000e+03
6.936000000000000000e+03
6.944000000000000000e+03
6.952000000000000000e+03
6.960000000000000000e+03
6.968000000000000000e+03
6.976000000000000000e+03
6.984000000000000000e+03
6.992000000000000000e+03
7.000000000000000000e+03
7.008000000000000000e+03
7.016000000000000000e+03
7.024000000000000000e+03
7.032000000000000000e+03
7.040000000000000000e+03
7.048000000000000000e+03
7.056000000000000000e+03
7.064000000000000000e+03
7.072000000000000000e+03
7.080000000000000000e+03
7.088000000000000000e+03
7.096000000000000000e+03
7.104000000000000000e+03
7.112000000000000000e+03
7.120000000000000000e+03
7.128000000000000000e+03
7.136000000000000000e+03
7.144000000000000000e+03
7.152000000000000000e+03
7.160000000000000000e+03
7.168000000000000000e+03
7.176000000000000000e+03
7.184000000000000000e+03
7.192000000000000000e+03
7.200000000000000000e+03
7.208000000000000000e+03
7.216000000000000000e+03
7.224000000000000000e+03
7.232000000000000000e+03
7.240000000000000000e+03
7.248000000000000000e+03
7.256000000000000000e+03
7.264000000000000000e+03
7.272000000000000000e+03
7.280000000000000000e+03
7.288000000000000000e+03
7.296000000000000000e+03
7.304000000000000000e+03
7.312000000000000000e+03
7.320000000000000000e+03
7.328000000000000000e+03
7.336000000000000000e+03
7.344000000000000000e+03
7.352000000000000000e+03
7.360000000000000000e+03
7.368000000000000000e+03
7.376000000000000000e+03
7.384000000000000000e+03
7.392000000000000000e+03
7.400000000000000000e+03
7.408000000000000000e+03
7.416000000000000000e+03
7.424000000000000000e+03
7.432000000000000000e+03
7.440000000000000000e+03
7.448000000000000000e+03
7.456000000000000000e+03
7.464000000000000000e+03
7.472000000000000000e+03
7.480000000000000000e+03
7.488000000000000000e+03
7.496000000000000000e+03
7.504000000000000000e+03
7.512000000000000000e+03
7.520000000000000000e+03
7.528000000000000000e+03
7.536000000000000000e+03
7.544000000000000000e+03
7.552000000000000000e+03
7.560000000000000000e+03
7.568000000000000000e+03
7.576000000000000000e+03
7.584000000000000000e+03
7.592000000000000000e+03
7.600000000000000000e+03
7.608000000000000000e+03
7.616000000000000000e+03
7.624000000000000000e+03
7.632000000000000000e+03
7.640000000000000000e+03
7.648000000000000000e+03
7.656000000000000000e+03
7.664000000000000000e+03
7.672000000000000000e+03
7.680000000000000000e+03
7.688000000000000000e+03
7.696000000000000000e+03
7.704000000000000000e+03
7.712000000000000000e+03
7.720000000000000000e+03
7.728000000000000000e+03
7.736000000000000000e+03
7.744000000000000000e+03
7.752000000000000000e+03
7.760000000000000000e+03
7.768000000000000000e+03
7.776000000000000000e+03
7.784000000000000000e+03
7.792000000000000000e+03
7.800000000000000000e+03
7.808000000000000000e+03
7.816000000000000000e+03
7.824000000000000000e+03
7.832000000000000000e+03
7.840000000000000000e+03
7.848000000000000000e+03
7.856000000000000000e+03
7.864000000000000000e+03
7.872000000000000000e+03
7.880000000000000000e+03
7.888000000000000000e+03
7.896000000000000000e+03
7.904000000000000000e+03
7.912000000000000000e+03
7.920000000000000000e+03
7.928000000000000000e+03
7.936000000000000000e+03
7.944000000000000000e+03
7.952000000000000000e+03
7.960000000000000000e+03
7.968000000000000000e+03
7.976000000000000000e+03
7.984000000000000000e+03
7.992000000000000000e+03
8.000000000000000000e+03
